.Random.seed <-
c(403L, 10L, 1018130874L, -1834481659L, -741548577L, 1343557734L, 
-1040179216L, -407815917L, -653244751L, -1147113120L, -369596674L, 
-1285258615L, 1937808827L, 396494730L, 1317670508L, 1357320175L, 
-1716090843L, -2096158500L, -26931534L, 94609837L, 850494823L, 
688427662L, -1475675288L, -534396053L, 693574921L, -713100392L, 
961725126L, 1483622433L, 596565171L, -270213598L, 1248182292L, 
1005544599L, -255766899L, -1818886236L, -810270326L, -1576198667L, 
1105408079L, 628492118L, -1969799680L, 995684163L, -672241951L, 
-792714160L, 1721412782L, -41478055L, 259135595L, 630947290L, 
-1216780644L, -396085089L, -861687051L, 106885004L, -1223541150L, 
-327015875L, -615748425L, -921439394L, 1210078872L, 1185977851L, 
1660585881L, 1610805288L, 466925782L, -1923105455L, -671364093L, 
-26176622L, 2107638052L, 441235431L, -719041475L, -1168672076L, 
1012406554L, -687572379L, -734449921L, -1281526906L, -889285360L, 
674680243L, 1109159505L, 440421888L, 25430750L, 138414377L, 518690011L, 
1808577514L, -1999641716L, 670459087L, 1325304965L, 391874364L, 
1595225618L, 1645974797L, 2136260167L, -2031991762L, 138193288L, 
-592424821L, 440904297L, -838240712L, -1244623130L, 293169793L, 
636089875L, -1047027262L, 367184500L, 687189111L, 1252660589L, 
-291476988L, 797559082L, 1892785813L, 2070328623L, 1619644470L, 
1765672032L, -1597674845L, 1449524673L, -1407493712L, -918452018L, 
895333945L, -53647285L, -1594099206L, -2037074692L, 2093275455L, 
-1871972843L, -960297684L, 1874208258L, -653681443L, 675981271L, 
-2066500930L, -1662450440L, -1013835045L, 1808949561L, -1622317944L, 
-1711897546L, 1928142961L, -1972850013L, -509147150L, 1545169732L, 
2058281991L, 1685995997L, -602464556L, 1561608698L, -1336971963L, 
-1761797729L, 1440303910L, 1119531952L, -1544814509L, 2085763953L, 
-1393481056L, -1955430850L, -1371196087L, -377607173L, 529289162L, 
247193900L, -663225041L, 997090277L, 1913477788L, 128048882L, 
-470749331L, -1924265817L, 1457359566L, 1475680296L, -754318293L, 
2094999113L, -159658152L, 540994054L, -1962306591L, -108711565L, 
-1486634526L, 1244886356L, 993971287L, -962777011L, 101233636L, 
1969942986L, -921651147L, 1278269071L, 49268630L, -1919521984L, 
-55409149L, -1788625887L, -1535742192L, 1957184750L, -300331879L, 
1967491371L, 776085530L, 978688732L, 1423903455L, 1598559413L, 
1042973260L, -270766430L, 2142238205L, 1029201655L, -1113090018L, 
1628150488L, -558625221L, 268147673L, -1004205720L, 1284071574L, 
-5390831L, -1312229437L, -175100974L, -839125404L, -1003117145L, 
1450965757L, -1293639948L, 1805801946L, 669236517L, 2005265471L, 
309705670L, 1019525200L, 1326281843L, 1366808721L, -116201280L, 
1566999198L, -1725112727L, -788345189L, 1069147050L, -327563316L, 
339974799L, -1385139515L, 476748412L, 977368786L, -651771315L, 
-1514975481L, -1372974354L, -467687480L, 1666459851L, -514737879L, 
649060728L, -1481415002L, 782741697L, -382723757L, 444614146L, 
1212153652L, 1431186615L, -1660715859L, -1643976252L, 270633450L, 
-1631848875L, 1824188399L, 1761443644L, 895014804L, -1440070782L, 
-83285568L, -320414148L, 1993672080L, -679879134L, 1565091080L, 
-398598516L, 1145589532L, 962527378L, -1549903488L, 1557370388L, 
-1625649368L, -1671968198L, 1037770192L, -1705809556L, -165780556L, 
1851193362L, -1808579104L, -384469044L, 874938592L, 1746319394L, 
812200232L, 155127308L, -377764036L, 954577906L, 771951344L, 
1236307524L, -1744956840L, -368853190L, 210081264L, -1337993540L, 
732854548L, 1719505602L, -693574560L, -1990544516L, -1424635952L, 
-634572510L, 1097710248L, 459266956L, 1371572412L, 1514692402L, 
-2144310720L, -1297507148L, 1314443848L, -752568902L, -1097301488L, 
-2043338004L, 14254420L, -462298862L, 37457312L, 1962808012L, 
-1804542368L, 2097330114L, -578545880L, 1132892076L, 175543100L, 
-1554617998L, 1117592368L, 1229593892L, -1650431176L, -1757196582L, 
165005200L, 493252348L, 1292794772L, -1452502974L, 1568904448L, 
-1620990916L, -434380464L, 206946466L, -560033464L, 914196236L, 
-1651211556L, 678272338L, -35416960L, -1244540844L, -1822969880L, 
1761798394L, -1259938992L, 1920081708L, -85915276L, 948702098L, 
1617991776L, 981564812L, 1550981984L, 734460386L, 509162408L, 
-1009748788L, -1915244548L, 1242432946L, 1327584752L, 606604228L, 
-585231016L, 1240119674L, 2016748464L, 790591932L, -102750124L, 
309413826L, -336465888L, 1702471868L, 533021264L, 1789748194L, 
1338146920L, -330533812L, -1294808836L, -1701016590L, 1110411520L, 
-482741900L, -669189112L, -1108955206L, 1587937744L, 1150594028L, 
433033620L, 260985298L, 1390887264L, -1723646132L, 1888966944L, 
1048276866L, 983473896L, -254766868L, -1669180356L, -1378948238L, 
876166768L, 519722020L, -97006792L, 1525001370L, 1043280592L, 
1741947068L, 2043481748L, -938727806L, -1974404928L, 1191818044L, 
1561214096L, 274603554L, 1024163848L, -2065908468L, 88104092L, 
-883360238L, -1587814528L, 743558676L, 140175912L, 1609270586L, 
-640165424L, 1428460652L, 517773620L, -1690286446L, -25728160L, 
1501193036L, 663705568L, 1860454306L, 1342318504L, 1196649868L, 
941664444L, -974001806L, 1323398384L, 749527108L, -1084599976L, 
-44435910L, -1105331344L, 2005784636L, 1781276436L, 1423799746L, 
-251340064L, -665106564L, 696078032L, -1048315742L, 585784360L, 
741319948L, 1513859004L, 416573746L, -251647552L, 873818676L, 
-353170488L, 2021267642L, -560113264L, -832097812L, -2137587116L, 
848879762L, 1103609632L, 1028786636L, 1425700320L, 1560270530L, 
1650107432L, 1879716524L, 338347196L, -1525179918L, 1361846576L, 
-1668270940L, 1943250616L, 2122108250L, 1219372432L, 160772988L, 
-543434476L, 547156802L, -1370907904L, 2051446716L, -1801543856L, 
124199714L, 1678703944L, 1797511692L, 1404909660L, -1021457198L, 
-24454656L, -1687925420L, -1610442264L, -1733444614L, -1435275056L, 
380747052L, 50541300L, -228914798L, 1074377824L, -1746197236L, 
-228052256L, -929142430L, -420492632L, -1382018484L, -1262386820L, 
-196999886L, -4566928L, 1703688004L, -1898730024L, -877904774L, 
376606256L, 1744603836L, 1070485332L, 868570178L, -1728420502L, 
585554952L, 1178649777L, -1889311965L, 1545605156L, 1128669906L, 
157787943L, 34822513L, 502857654L, 1722004308L, -817422875L, 
-1790228497L, -595646680L, -1052041338L, 956877747L, 1246493461L, 
48108914L, -1504564800L, -1072838103L, -1705333093L, 1734088556L, 
1945071482L, -597182289L, 2027017145L, -1842842162L, -1298636516L, 
-348740467L, 1863051511L, -1188666368L, -285350306L, 1017100587L, 
849922605L, 287808154L, 1422050904L, -1335023167L, -1945053581L, 
575411092L, -771192286L, 75183415L, 732050433L, -1555318522L, 
483970372L, -21663627L, -162242081L, 1173507384L, 944865046L, 
986160931L, -2090984219L, 841558274L, 580217712L, 887489305L, 
480580363L, -599252996L, -1759372246L, -1150857121L, -1833183255L, 
-1458169602L, 2014431468L, 1113639997L, 1157431303L, -2016658448L, 
-310880370L, 1522017723L, 217834397L, -1514514102L, 1685336424L, 
1205663569L, 71640131L, 708201796L, -1617678862L, -412063801L, 
-1902876271L, -818905834L, -1164253836L, -1743674363L, -1691024305L, 
1663178824L, -653095450L, -1372675309L, -1955351435L, -1693888942L, 
-368875360L, -2020564599L, 1045000635L, -325931508L, 1009514394L, 
-1798619377L, 1909163353L, 409960430L, -1333967236L, -364982547L, 
589412759L, -939183520L, -1650735042L, -2076937973L, 884679565L, 
-169770822L, -835549448L, -566661983L, -2087700397L, -375438476L, 
441704706L, -258465385L, 1062927201L, 371605414L, -353850972L, 
1016942677L, 1649878271L, 893979032L, -550301002L, 2077346627L, 
112154245L, -1918674142L, 1631002640L, -1490338887L, 635473003L, 
66604892L, 672937610L, -1936862593L, 346250185L, 1178773598L, 
-594011380L, 1317044957L, 1762552807L, -842149872L, -1525736146L, 
-1164602917L, 1282918077L, -1261505494L, 2074928328L, 447726065L, 
-1459253405L, -2077878428L, 483651218L, -585372825L, 1225758001L, 
742780534L, 2068344724L, 1482689445L, -1060258641L, -1627606680L, 
1722612038L, -1415900941L, -1309045163L, -1824591310L, 866598912L, 
220226793L, -962387109L, -779024980L, 471604666L, -838866065L, 
